1900	6.506
1910   	5.367
1920   	4.580
1930   	4.007
1940   	3.570
1950   	3.228
2000   	2.954
2010   	2.729
2020   	2.543
2030   	2.386
2040   	2.253
2050   	2.140
2100   	2.042
2110   	1.957
2120   	1.884
2130   	1.820
2140   	1.765
2150   	1.717
2200   	1.675
2210   	1.639
2220   	1.609
2230   	1.583
2240   	1.562
2250   	1.545
2300   	1.532
2310   	1.522
2320   	1.517
2330   	1.515
2340   	1.516
2350   	1.521
0000   	1.530
0010   	1.543
0020   	1.559
0030   	1.580
0040   	1.605
0050   	1.634
0100   	1.669
0110   	1.710
0120   	1.757
0130   	1.811
0140   	1.874
0150   	1.946
0200   	2.028
0210   	2.124
0220   	2.235
0230   	2.365
0240   	2.518
0250   	2.699
0300   	2.917
0310   	3.184
0320   	3.514
0330   	3.934
0340   	4.484
0350   	5.232
0400   	6.305