1800	-57.5
1810	-56.8
1820	-56.1
1830	-55.3
1840	-54.5
1850	-53.6
1900	-52.7
1910	-51.7
1920	-50.7
1930	-49.6
1940	-48.4
1950	-47.2
2000	-45.9
2010	-44.6
2020	-43.1
2030	-41.6
2040	-40.0
2050	-38.4
2100	-36.6
2110	-34.8
2120	-32.8
2130	-30.8
2140	-28.7
2150	-26.4
2200	-24.1
2210	-21.7
2220	-19.3
2230	-16.7
2240	-14.1
2250	-11.4
2300	-8.6
2310	-5.9
2320	-3.0
2330	-0.2
2340	2.6
2350	5.4
0000	8.2
0010	11.0
0020	13.7
0030	16.3
0040	18.9
0050	21.4
0100	23.8
0110	26.1
0120	28.3
0130	30.5
0140	32.5
0150	34.5
0200	36.3
0210	38.1
0220	39.8
0230	41.4
0240	42.9
0250	44.4
0300	45.7
0310	47.0
0320	48.3
0330	49.4
0340	50.5
0350	51.6
0400	52.6
0410	53.5
0420	54.4
0430	55.2
0440	56.0
0450	56.7
0500	57.4
0510	58.0
0520	58.6
0530	59.2
0540	59.7
0550	60.1
0600	60.6
0610	60.9
0620	61.3
0630	61.6
0640	61.8
0650	62.0
0700	62.2
0710	62.3
0720	62.4
0730	62.4