


*** Hourly airmass for Target ***

Epoch 2000.00: RA   6 45 08.9, dec -16 42 58
Epoch 2015.04: RA   6 45 49.3, dec -16 43 57

At midnight: UT date 2015 Jan 16, Moon 0.22 illum, 126 degr from obj

  Local      UT      LMST      HA     secz   par.angl. SunAlt MoonAlt  HelCorr

  18 00     1 00     1 14    -5 32   (down)   -57.5     -3.8    ...     -4.09
  18 10     1 10     1 24    -5 22   (down)   -56.8     -5.8    ...     -4.10
  18 20     1 20     1 34    -5 12   55.644   -56.1     -7.7    ...     -4.10
  18 30     1 30     1 44    -5 02   19.026   -55.3     -9.7    ...     -4.11
  18 40     1 40     1 54    -4 52   11.527   -54.5    -11.8    ...     -4.12
  18 50     1 50     2 04    -4 42    8.299   -53.6    -13.8    ...     -4.13
  19 00     2 00     2 14    -4 31    6.506   -52.7    -15.8    ...     -4.13
  19 10     2 10     2 24    -4 21    5.367   -51.7    -17.9    ...     -4.14
  19 20     2 20     2 34    -4 11    4.580   -50.7     ...     ...     -4.15
  19 30     2 30     2 44    -4 01    4.007   -49.6     ...     ...     -4.16
  19 40     2 40     2 54    -3 51    3.570   -48.4     ...     ...     -4.18
  19 50     2 50     3 04    -3 41    3.228   -47.2     ...     ...     -4.19
  20 00     3 00     3 14    -3 31    2.954   -45.9     ...     ...     -4.20
  20 10     3 10     3 25    -3 21    2.729   -44.6     ...     ...     -4.21
  20 20     3 20     3 35    -3 11    2.543   -43.1     ...     ...     -4.23
  20 30     3 30     3 45    -3 01    2.386   -41.6     ...     ...     -4.24
  20 40     3 40     3 55    -2 51    2.253   -40.0     ...     ...     -4.26
  20 50     3 50     4 05    -2 41    2.140   -38.4     ...     ...     -4.27
  21 00     4 00     4 15    -2 31    2.042   -36.6     ...     ...     -4.29
  21 10     4 10     4 25    -2 21    1.957   -34.8     ...     ...     -4.30
  21 20     4 20     4 35    -2 11    1.884   -32.8     ...     ...     -4.32
  21 30     4 30     4 45    -2 01    1.820   -30.8     ...     ...     -4.34
  21 40     4 40     4 55    -1 51    1.765   -28.7     ...     ...     -4.35
  21 50     4 50     5 05    -1 41    1.717   -26.4     ...     ...     -4.37
  22 00     5 00     5 15    -1 31    1.675   -24.1     ...     ...     -4.39
  22 10     5 10     5 25    -1 21    1.639   -21.7     ...     ...     -4.41
  22 20     5 20     5 35    -1 11    1.609   -19.3     ...     ...     -4.42
  22 30     5 30     5 45    -1 01    1.583   -16.7     ...     ...     -4.44
  22 40     5 40     5 55    -0 51    1.562   -14.1     ...     ...     -4.46
  22 50     5 50     6 05    -0 41    1.545   -11.4     ...     ...     -4.48
  23 00     6 00     6 15    -0 31    1.532    -8.6     ...     ...     -4.50
  23 10     6 10     6 25    -0 21    1.522    -5.9     ...     ...     -4.52
  23 20     6 20     6 35    -0 11    1.517    -3.0     ...     ...     -4.54
  23 30     6 30     6 45    -0 01    1.515    -0.2     ...     ...     -4.56
  23 40     6 40     6 55     0 09    1.516     2.6     ...     ...     -4.58
  23 50     6 50     7 05     0 19    1.521     5.4     ...     ...     -4.60
   0 00     7 00     7 15     0 29    1.530     8.2     ...     ...     -4.62
   0 10     7 10     7 25     0 39    1.543    11.0     ...     ...     -4.64
   0 20     7 20     7 35     0 49    1.559    13.7     ...     ...     -4.65
   0 30     7 30     7 45     0 59    1.580    16.3     ...     ...     -4.67
   0 40     7 40     7 55     1 09    1.605    18.9     ...     ...     -4.69
   0 50     7 50     8 05     1 19    1.634    21.4     ...     ...     -4.71
   1 00     8 00     8 15     1 29    1.669    23.8     ...     ...     -4.73
   1 10     8 10     8 25     1 40    1.710    26.1     ...     ...     -4.75
   1 20     8 20     8 35     1 50    1.757    28.3     ...     ...     -4.76
   1 30     8 30     8 45     2 00    1.811    30.5     ...     ...     -4.78
   1 40     8 40     8 55     2 10    1.874    32.5     ...     ...     -4.80
   1 50     8 50     9 05     2 20    1.946    34.5     ...     ...     -4.82
   2 00     9 00     9 15     2 30    2.028    36.3     ...     ...     -4.83
   2 10     9 10     9 26     2 40    2.124    38.1     ...     ...     -4.85
   2 20     9 20     9 36     2 50    2.235    39.8     ...     ...     -4.86
   2 30     9 30     9 46     3 00    2.365    41.4     ...     ...     -4.88
   2 40     9 40     9 56     3 10    2.518    42.9     ...     ...     -4.89
   2 50     9 50    10 06     3 20    2.699    44.4     ...     ...     -4.91
   3 00    10 00    10 16     3 30    2.917    45.7     ...     ...     -4.92
   3 10    10 10    10 26     3 40    3.184    47.0     ...     ...     -4.93
   3 20    10 20    10 36     3 50    3.514    48.3     ...     ...     -4.94
   3 30    10 30    10 46     4 00    3.934    49.4     ...     -0.5    -4.95
   3 40    10 40    10 56     4 10    4.484    50.5     ...      1.4    -4.96
   3 50    10 50    11 06     4 20    5.232    51.6     ...      3.3    -4.98
   4 00    11 00    11 16     4 30    6.305    52.6     ...      5.2    -4.98
   4 10    11 10    11 26     4 40    7.970    53.5     ...      7.0    -4.99
   4 20    11 20    11 36     4 50   10.892    54.4     ...      8.8    -5.00
   4 30    11 30    11 46     5 00   17.336    55.2     ...     10.7    -5.01
   4 40    11 40    11 56     5 10   43.195    56.0     ...     12.4    -5.02
   4 50    11 50    12 06     5 20  (v.low)    56.7     ...     14.2    -5.02
   5 00    12 00    12 16     5 30   (down)    57.4     ...     15.9    -5.03
   5 10    12 10    12 26     5 40   (down)    58.0     ...     17.6    -5.03
   5 20    12 20    12 36     5 50   (down)    58.6     ...     19.3    -5.04
   5 30    12 30    12 46     6 00   (down)    59.2     ...     20.9    -5.04
   5 40    12 40    12 56     6 10   (down)    59.7     ...     22.5    -5.04
   5 50    12 50    13 06     6 20   (down)    60.1     ...     24.0    -5.04
   6 00    13 00    13 16     6 30   (down)    60.6     ...     25.5    -5.04
   6 10    13 10    13 26     6 40   (down)    60.9    -16.2    27.0    -5.04
   6 20    13 20    13 36     6 50   (down)    61.3    -14.2    28.4    -5.04
   6 30    13 30    13 46     7 00   (down)    61.6    -12.1    29.7    -5.04
   6 40    13 40    13 56     7 10   (down)    61.8    -10.1    31.0    -5.04
   6 50    13 50    14 06     7 20   (down)    62.0     -8.1    32.2    -5.04
   7 00    14 00    14 16     7 30   (down)    62.2     -6.1    33.4    -5.03
   7 10    14 10    14 26     7 41   (down)    62.3     -4.1    34.4    -5.03
   7 20    14 20    14 36     7 51   (down)    62.4     -2.2    35.4    -5.03
   7 30    14 30    14 46     8 01   (down)    62.4     -0.3    36.3    -5.02

